Top 10 configurations:
 config_id     lr  weight_decay  dropout_base           hidden_dims  num_layers    val_f1  val_precision  val_recall
        28 0.0010      0.000001          0.35       [512, 256, 128]           3 97.363651      97.394566   97.349046
        37 0.0010      0.000005          0.35       [512, 256, 128]           3 97.363651      97.394566   97.349046
        46 0.0010      0.000010          0.35       [512, 256, 128]           3 97.363651      97.394566   97.349046
        32 0.0010      0.000001          0.40 [1024, 512, 256, 128]           4 97.297344      97.296061   97.321548
        41 0.0010      0.000005          0.40 [1024, 512, 256, 128]           4 97.297344      97.296061   97.321548
        50 0.0010      0.000010          0.40 [1024, 512, 256, 128]           4 97.297344      97.296061   97.321548
        43 0.0010      0.000005          0.45       [512, 256, 128]           3 97.261978      97.249830   97.278810
        34 0.0010      0.000001          0.45       [512, 256, 128]           3 97.261978      97.249830   97.278810
        52 0.0010      0.000010          0.45       [512, 256, 128]           3 97.261978      97.249830   97.278810
        10 0.0005      0.000005          0.35       [512, 256, 128]           3 97.254356      97.262535   97.265091
